144,352,298,Sl|188:330|221:292,1
148,135,648,Sl|132:181|135:231,1
291,84,999,Sl|269:40|232:8,1
136,232,1350,Sl|216:247|254:235,1
400,248,1701,Sl|440:120,1
387,278,2052
480,88,2227
256,240,2403,Sl|257:106,1
256,272,2754
261,52,2929
112,248,3105,Sl|72:120,1
125,278,3456
32,88,3631
360,88,3806,Sl|344:152|320:184,1
200,272,4157,Sl|216:208|240:176,1
384,56,4508,Sl|368:120|344:152,1
176,304,4859,Sl|192:240|216:208,1
392,376,5210,Sl|328:360|296:336,1
160,88,5561,Sl|224:104|256:128,1
384,280,5912
177,174,6086
228,331,6260
333,123,6435
208,344,6609,Sl|179:355,2
240,350,6784,Sl|309:321,1
398,273,6958
401,233,7045
390,196,7132
364,166,7220
332,144,7307,Sl|248:138|190:163,1
332,218,7568,Sl|325:301|351:360,1
408,218,7830,Sl|491:224|549:199,1
408,142,8092,Sl|414:58|389:0,1
233,141,8353
329,316,8528
410,43,8702
344,336,9048
371,307,9135
381,268,9222
374,230,9308
350,198,9395
314,182,9482
274,183,9569
239,202,9655
200,216,9742
156,209,9829
127,176,9915
129,132,10002
160,96,10089,Sl|248:67,1
424,144,10262,Sl|335:172,1
200,304,10436
456,280,10609
156,209,10782
352,64,10956
320,344,11129
232,96,11303
480,362,11476
352,64,11823
365,106,11910
360,151,11996
337,189,12083
302,216,12170
258,226,12256
214,218,12343
177,193,12430
136,168,12517
88,179,12603
64,221,12690
78,268,12777
120,296,12863,Sl|182:301,1
360,312,13037
360,96,13210
128,232,13384
360,96,13557
288,344,13730
160,96,13904
336,248,14077
38,256,14251
288,48,14597
336,36,14684
385,43,14771
428,68,14858
458,107,14944
471,155,15031
464,200,15118
441,248,15204
403,279,15291
416,226,15378
406,173,15465
375,128,15551
328,96,15638,Sl|272:80,1
80,144,15811,Sl|136:160,1
227,31,15985
144,328,16158
280,160,16332
232,336,16505
192,56,16678
48,224,16852
376,160,17025
168,312,17372
222,311,17459
268,283,17545
294,235,17632
293,181,17719
264,135,17806
215,110,17892
161,113,17979
120,144,18066
162,178,18152
211,202,18239
265,213,18326
320,210,18412,Sl|397:176,1
204,294,18586,Sl|127:260,1
437,157,18759
80,157,18933
208,48,19106,Sl|258:48,1
400,248,19280
136,248,19453,Sl|192:248,1
352,96,19626
256,349,19800
456,144,20147
469,201,20233
449,257,20320
402,294,20407
344,300,20493
290,274,20580
259,224,20667
260,165,20754
296,112,20840
328,165,20927
327,224,21014
290,274,21100
231,289,21187,Sl|155:252,1
288,32,21360,Sl|364:69,1
416,224,21534
231,289,21707
275,72,21881
352,328,22054
96,192,22228
304,168,22401
111,347,22574
376,72,22921
411,125,23008
414,189,23095
384,245,23181
328,278,23268
264,276,23355
210,242,23441
181,185,23528
168,120,23615
230,151,23701
299,160,23788
367,146,23875
432,120,23962,Sl|496:96,1
256,40,24135
360,304,24308
104,192,24482
432,72,24655
208,336,24829
128,24,25002
352,192,25175
20,142,25349
392,56,25696
450,93,25782
482,154,25869
481,223,25956
447,283,26043
387,318,26129
318,320,26216
257,288,26303
198,246,26389
268,264,26475
334,232,26562
363,164,26649
339,95,26736,Sl|317:30,1
64,80,26910,Sl|86:145,1
292,154,27083
144,304,27256
160,56,27430
328,296,27603
24,208,27777
265,120,27950
179,362,28123
64,48,28470
31,114,28557
34,188,28644
74,251,28730
139,286,28817
214,285,28904
278,247,28991
315,183,29077
352,120,29164
384,191,29251
360,265,29337
292,304,29424
214,285,29511,Sl|184:208,1
240,48,29684,Sl|270:125,1
144,304,29858
312,40,30031
464,304,30204,Sl|392:304,1
48,160,30378
448,160,30551,Sl|392:192,1
144,320,30725
376,44,30898
256,192,30985
