369,55,1279,Sl|356:92|354:132,1
376,226,1642
461,181,1824
283,193,2006,Sl|196:186,1
97,256,2369
203,186,2551
269,296,2733,Sl|303:315|352:318,1
434,172,3097,Sl|400:153|351:150,1
343,319,3460
426,271,3642
341,224,3824
259,274,4006
406,161,4188,Sl|389:79,1
311,26,4551
294,120,4733
219,59,4915,Sl|180:54|128:65,1
106,200,5279
195,167,5460
34,150,5642,Sl|26:190|26:229,1
135,306,6006
211,247,6188
228,217,6279
233,183,6369,Sl|268:203|309:207,1
379,80,6733,Sl|338:87|305:111,1
301,298,7097
439,261,7279
305,210,7460
382,329,7642
391,187,7824,Sl|398:136|392:79,1
218,235,8188,Sl|211:184|217:127,1
251,67,8551
288,155,8733
140,116,8915
160,23,9097
205,180,9279,Sl|199:278,1
95,293,9642,Sl|91:214,1
161,117,10006
263,129,10188
355,96,10369
444,130,10551
337,144,10733
246,104,10915
144,132,11097,Sl|96:146|56:140,1
173,33,11460
247,181,11642
152,224,11824
316,251,12006
344,270,12097
367,294,12188,Sl|317:293|268:322,1
104,355,12551,Sl|152:363|205:342,1
241,217,12915,Sl|225:148|236:116,1
250,38,13279
226,140,13460
354,110,13642,Sl|424:116|451:136,1
447,250,14006
349,214,14188
453,81,14369
511,167,14551
354,110,14733,Sl|330:51|339:15,1
271,192,15097,Sl|255:238|223:270,1
132,280,15460
166,181,15642
341,261,15824,Sl|388:273|438:260,1
490,192,16188
389,166,16369
262,276,16551,Sl|251:366,1
207,146,16915,Sl|197:66,1
160,243,17279
262,260,17460
357,219,17642
454,254,17824
477,279,17915
486,312,18006,Sl|431:309|391:321,1
208,325,18369,Sl|244:341|293:337,1
368,211,18733,Sl|372:176|356:116,1
283,64,19097
363,132,19279
180,168,19460
269,145,19642
104,126,19824,Sl|95:165|100:205,1
379,253,20188,Sl|388:214|385:175,1
180,168,20551
312,208,20733
207,314,20915
107,220,21097
241,234,21279
110,303,21460,Sl|84:346|77:386,1
220,343,21824
314,250,22006,Sl|307:210|288:175,1
182,95,22369,Sl|84:102,1
327,99,22733,Sl|423:93,1
240,213,23097
136,223,23279
217,312,23460
319,294,23642
352,287,23733
385,281,23824,Sl|290:259,1
121,132,24188,Sl|198:150,1
365,180,24551
451,121,24733
384,41,24915
395,221,25097
293,120,25279,Sl|248:103|208:101,1
269,265,25642,Sl|251:220|219:190,1
130,165,26006
65,256,26188
175,269,26369
23,168,26551
110,73,26733,Sl|154:56|207:58,1
312,114,27097
262,212,27279,Sl|222:201|182:203,1
43,298,27642
127,343,27824,Sl|167:348|206:338,1
313,301,28188,Sl|327:396,1
371,210,28551,Sl|359:130,1
429,299,28915
281,216,29097
464,204,29279
280,300,29460
248,288,29551
222,266,29642,Sl|201:227|198:189,1
345,133,30006,Sl|366:94|369:56,1
259,179,30369
367,207,30551
447,129,30733
339,96,30915
436,238,31097,Sl|469:251|517:249,1
298,282,31460,Sl|261:278|214:287,1
359,348,31824
444,324,32006
316,193,32188
231,217,32370
392,151,32551,Sl|412:110|412:61,1
316,104,32915
292,264,33097,Sl|274:307|238:339,1
191,248,33460,Sl|152:258|113:255,1
38,181,33824
187,59,34006
221,157,34188
119,134,34369
289,78,34551
396,184,34733
295,212,34915
393,91,35097
496,103,35279
412,310,35460,Sl|322:305,1
111,183,35824,Sl|203:189,1
