160,288,191
160,288,1865,Sl|244:306|244:306|339:263,2
133,308,3679,Sl|150:263|146:217,1
78,119,4097,Sl|124:122|168:105,1
444,59,4377,Sl|397:62|353:45,1
152,264,4656,Sl|146:217,1
250,99,5074,Sl|243:146,1
347,305,5493,Sl|340:257,1
444,59,5911,Sl|437:106,1
252,294,6330,Sl|347:305,1
148,156,6609,Sl|242:145,1
444,59,6888
420,218,7028
420,218,7097
420,218,7167
242,144,7307
252,293,7446,Sl|249:270|244:247,2
95,72,7725
71,231,7865,Sl|118:225,1
8,156,8004
171,295,8144,Sl|161:236|179:180,1
225,99,8563,Sl|274:106|274:106|318:99,1
449,47,8842
410,236,8981
318,98,9121
283,72,9190
242,62,9260
200,67,9330
163,88,9400,Sl|151:143,1
64,205,9539
76,213,9609
88,220,9679,Sl|99:275,3
174,349,9958
188,347,10027
202,345,10097
216,343,10167
230,341,10237
244,339,10307
258,337,10377,Sl|314:346,5
405,382,10795
407,367,10865
409,353,10935
411,339,11004
440,311,11074
436,282,11144
432,253,11214
428,225,11283
446,183,11353
408,200,11422
365,199,11492
327,181,11562
301,147,11632,Sl|292:90,1
197,34,11772
185,26,11842
172,20,11911,Sl|163:76,3
76,149,12190
81,164,12259
84,179,12329
85,195,12399
84,211,12470
80,226,12538
75,241,12609,Sl|66:268|64:296,5
150,284,13028
165,282,13098
179,280,13168
193,278,13237
221,249,13307
250,253,13377
279,257,13447
307,261,13516
350,276,13586
337,236,13655
340,194,13725
360,156,13795
392,128,13865,Sl|448:132,1
319,60,14004
311,48,14074
303,36,14144,Sl|246:40,3
159,96,14423
165,107,14492
170,118,14562
174,130,14632
177,143,14702
179,155,14771
178,168,14842,Sl|173:196|172:224,5
266,201,15260
281,203,15330
295,205,15400
309,207,15469
337,236,15539
366,232,15609
395,228,15679
423,224,15748
457,193,15818,Sl|463:137,1
366,232,15957
367,238,16027
368,244,16097,Sl|361:314,3
266,201,16377
267,195,16447
268,189,16516
269,183,16586
270,177,16656,Sl|288:64|288:64|273:91|247:103,1
95,32,16935,Sl|208:22,1
208,22,17144
208,21,17214
90,144,17353
270,177,17493
284,175,17562
298,173,17632
312,171,17702
340,186,17772
354,189,17841
368,191,17911
382,193,17981
414,172,18051,Sl|423:285,1
298,67,18330
298,67,18470
198,180,18609,Sl|312:171,1
423,285,18888
272,288,19028
456,142,19167,Sl|446:255,1
334,77,19446
334,77,19586
174,200,19725,Sl|287:209,1
164,66,20004,Sl|51:75,1
131,331,20284,Sl|153:279|147:223,1
50,75,20563
69,268,20702
164,66,20842,Sl|215:43|271:49,1
395,225,21121,Sl|338:231|287:208,1
479,59,21400
501,213,21539
363,30,21679,Sl|354:143,1
266,307,21958,Sl|257:194,1
393,283,22237
387,287,22306
382,291,22376
377,295,22446
379,318,22516,Sl|265:306,1
116,182,22795,Sl|229:170,1
413,100,23074
358,213,23214
246,158,23353
301,46,23493
369,227,23632,Sl|365:298,1
454,178,23911,Sl|450:106,1
246,158,24190,Sl|152:152,1
301,46,24470,Sl|396:40,1
482,202,24749,Sl|475:315,1
397,347,24958
386,356,25028,Sl|329:349,3
284,261,25307,Sl|340:254,3
302,164,25586,Sl|245:157,3
200,69,25865
142,226,26004
142,226,26074
142,226,26144
94,117,26284
66,295,26423
101,271,26492
142,264,26562
183,275,26632
215,303,26702
247,331,26772
288,342,26842
329,335,26912
365,312,26981,Sl|368:264,3
447,224,27260,Sl|443:176,3
485,97,27539,Sl|462:90|438:89,3
363,39,27818,Sl|340:45|316:46,3
184,118,28097,Sl|188:165,3
101,195,28377,Sl|96:242,3
63,326,28656,Sl|85:332|109:333,3
185,384,28935,Sl|207:377|231:376,3
365,312,29214,Sl|360:264,3
284,215,29493,Sl|288:167,3
255,83,29772,Sl|277:76|301:75,3
377,25,30051,Sl|399:31|423:32,3
512,134,30330
429,184,30470
405,181,30539
381,178,30609
358,175,30679
334,173,30749
311,170,30818
287,167,30888,Sl|239:170,1
138,249,31028
138,249,31097
138,249,31167,Sl|185:252,1
247,349,31307
247,349,31376
247,349,31446,Sl|291:350|314:336|314:336|360:352|360:352|396:334|431:338,1
429,337,31865
367,161,32004,Sl|357:255,1
479,114,32284
479,114,32563,Sl|388:132|317:73,1
317,73,32981
204,238,33121,Sl|212:191|202:145,1
84,54,33400
84,54,33679
60,80,33748
50,114,33818
56,149,33888
73,181,33958
96,207,34027
106,241,34097
100,276,34167
84,321,34237
123,295,34306
170,290,34376
213,307,34446
245,342,34516
285,368,34585
332,373,34655
375,356,34725
406,321,34795
411,299,35074
413,277,35353
409,255,35632
402,233,35911,Sl|405:209|404:185,3
342,120,36190,Sl|294:124,3
225,184,36470,Sl|177:179,3
130,102,36749
102,124,36818
86,155,36888
85,191,36958
98,224,37028,Sl|101:247|98:271,3
164,332,37307,Sl|211:327,3
281,268,37587,Sl|328:272,3
367,352,37865
394,329,37934
410,298,38004
412,263,38074
399,230,38144,Sl|396:206|398:182,3
326,128,38423,Sl|328:104|326:80,3
245,39,38702,Sl|197:43,3
138,111,38981
114,108,39050
90,106,39120
67,104,39190
43,102,39260
8,133,39329
0,178,39399
15,221,39469
56,246,39539,Sl|103:242,1
146,331,39679,Sl|193:335,1
296,354,39818
312,337,39887
333,325,39957
356,320,40027
377,309,40097
373,292,40166
373,274,40236
376,256,40306
384,241,40376
199,124,40795
392,21,41214
383,240,41493,Sl|380:287,1
296,354,41632,Sl|293:306,1
127,334,41772
129,310,41841
132,286,41911
134,263,41981
161,236,42051
158,212,42120
156,188,42190
153,165,42260
180,138,42330
183,114,42399
185,90,42469
188,67,42539
168,34,42609,Sl|259:80|255:-7|375:47,1
322,202,43028,Sl|301:161|303:114,1
439,12,43306
475,164,43446,Sl|429:167|387:145,1
307,233,43725,Sl|237:204|175:222|175:222|199:236|218:269,1
142,297,44144
80,194,44284,Sl|105:284|89:377,1
89,377,44702
0,169,44842,Sl|66:111|150:144,1
170,21,45260,Sl|173:71|176:115,1
80,194,45539
276,68,45679,Sl|271:123|269:162,1
384,348,45958
397,329,46237
204,249,46377
191,230,46656
416,190,46795
429,171,47074,Sl|476:166,3
375,93,47353
370,88,47423
366,82,47493,Sl|318:77,5
262,148,47911,Sl|214:152,3
174,60,48190
152,79,48259
135,103,48329
125,131,48399
124,161,48469
131,189,48538
146,215,48608
167,236,48678
193,250,48748
211,227,48818
236,210,48888
264,200,48958
293,199,49028
322,206,49097
348,221,49167
368,242,49237
382,268,49307,Sl|377:315,4
193,250,49725,Sl|188:202,3
127,137,50004
122,132,50074
118,126,50144,Sl|70:121,2
319,77,50423
331,68,50981
188,202,51121
345,268,51260
236,316,51400
311,369,51539
236,316,52656
345,268,53772
188,202,54888
331,68,56004
87,236,57121
140,311,58238
188,202,59354
254,359,60470
388,216,61307,Sl|385:180|393:146,1
455,79,61586
431,100,61655
403,113,61725
371,116,61795
341,109,61865
314,93,61934
294,68,62004,Sl|270:57|245:51,3
237,149,62284
231,146,62353
226,143,62423,Sl|200:148|177:160,3
112,102,62702
94,131,62771
90,166,62841
99,199,62911
120,227,62981
150,244,63050
184,249,63121,Sl|240:237,3
226,143,63400
232,146,63469
237,149,63539,Sl|292:160,3
322,68,63818
324,105,63887
327,143,63957
330,181,64027
333,219,64097
336,257,64166
339,295,64237,Sl|389:307,1
271,334,64377
260,297,64446
269,259,64516
296,231,64586
333,218,64656,Sl|384:229,3
469,164,64935
441,189,65004
405,200,65074
368,194,65144
337,171,65214
319,138,65283
318,99,65353,Sl|315:74|309:48,1
230,92,65493,Sl|179:86,3
186,179,65772,Sl|138:185,3
49,253,66051
78,230,66120
114,220,66190
151,224,66260
183,241,66330
207,270,66399
218,306,66469
215,343,66539
198,376,66609
196,344,66678
204,313,66748
222,287,66818
248,268,66888,Sl|306:277,3
385,337,67167
388,332,67237
391,327,67307
395,322,67377
399,318,67446,Sl|392:261,1
470,218,67586
467,213,67656
464,208,67726
460,203,67796
456,198,67865,Sl|462:136,1
363,140,68004,Sl|356:78,3
255,153,68284
209,178,68353
157,172,68423
118,137,68493
108,85,68563,Sl|108:50|119:16,1
244,164,68702
198,189,68771
146,183,68841
107,148,68911
97,96,68981,Sl|93:60|101:26,1
233,175,69121
235,192,69190
237,210,69260
239,228,69330
241,245,69400,Sl|234:311,5
341,329,69818
333,333,69887
326,336,69958,Sl|294:339|261:334,3
198,266,70237,Sl|165:262|132:267,3
71,331,70516
53,305,70585
46,275,70655
49,245,70725
61,217,70795,Sl|70:187|74:157,3
78,69,71074
108,66,71143
139,64,71213
170,62,71283
204,97,71353
234,99,71422
265,101,71492
296,103,71563
334,133,71632,Sl|395:126,3
467,83,71911
471,91,71980
474,98,72051,Sl|478:132|468:167,1
406,241,72190
390,240,72260
375,238,72330
359,237,72400
344,235,72470,Sl|313:241|283:237,3
255,151,72749
222,170,72818
201,201,72888
194,238,72958
203,275,73028
225,305,73097
259,323,73167,Sl|285:324|310:329,1
413,353,73307,Sl|406:301,3
344,235,73586,Sl|349:187,3
420,136,73865
393,112,73934
359,101,74004
324,104,74074
293,121,74144
262,138,74214
227,141,74284
193,130,74354
167,107,74423,Sl|170:59,3
78,149,74702,Sl|75:102,3
12,209,74981
51,233,75050
98,235,75120
140,212,75190
186,223,75260
226,198,75329
273,196,75399
314,219,75469
359,204,75539,Sl|362:251,3
453,292,75818,Sl|456:245,3
424,145,76097
399,125,76166
369,115,76236
338,116,76306
309,129,76377,Sl|284:135|262:131,1
170,58,76516
204,89,76585
218,134,76655
207,179,76725
174,213,76795,Sl|109:223,1
357,143,76935
303,122,77004
246,135,77074
207,179,77144
200,232,77214,Sl|200:263|211:293,3
283,246,77493,Sl|346:236,3
253,152,77772,Sl|191:141,3
164,234,78051,Sl|102:244,1
3,149,78190,Sl|65:160,1
55,322,78330
34,298,78399
21,270,78469
18,238,78539
25,208,78609
41,181,78678
65,161,78749,Sl|76:139|82:116,3
184,116,79028
181,111,79097
178,106,79167,Sl|167:84|161:61,3
142,193,79446
175,201,79515
209,196,79585
238,178,79655
258,150,79725
265,116,79794
257,82,79865,Sl|308:87,3
351,174,80144
356,171,80213
361,168,80284,Sl|412:162,3
451,93,80563
483,119,80632
498,159,80702
490,200,80772
457,226,80841
442,266,80911
450,307,80981,Sl|459:333|462:361,3
375,354,81260
370,351,81330
365,348,81400,Sl|308:342,3
267,253,81679
234,273,81748
195,276,81818
159,261,81888
135,231,81958,Sl|139:178,1
88,86,82097
108,119,82166
111,158,82236
96,194,82306
66,218,82376,Sl|13:213,1
110,48,82516
155,22,82585
206,22,82655
252,46,82725
279,90,82795
256,119,82864
246,155,82934
250,192,83004
267,224,83074
296,248,83143
332,259,83213
369,256,83283
402,239,83353
370,237,83422
339,245,83492
313,263,83562
294,289,83632,Sl|306:368,3
189,348,83911
192,343,83981
195,338,84051
199,333,84121
203,329,84190,Sl|195:273,1
122,209,84330
119,204,84400
116,199,84470
112,194,84540
108,189,84609,Sl|114:132,1
212,101,84749,Sl|206:45,3
286,177,85028
325,202,85097
372,207,85167
415,189,85237
445,153,85307,Sl|447:81,1
307,239,85446
268,264,85515
221,269,85585
178,251,85655
148,215,85725,Sl|145:143,1
291,295,85865,Sl|288:366,3
390,269,86144
410,227,86213
413,181,86283
398,138,86353
368,103,86423
326,123,86492
280,126,86562
237,111,86632
202,81,86702,Sl|197:19,3
120,146,86981,Sl|115:207,3
44,263,87260
58,276,87329
74,286,87399
93,293,87469
112,295,87539
132,294,87608
150,288,87678
167,278,87748
182,265,87818
195,301,87887
224,328,87957
261,337,88027
299,329,88097
328,304,88166
343,268,88236
339,229,88306
318,197,88377,Sl|252:187,3
195,106,88656,Sl|260:96,1
321,280,88795
315,284,88865
309,288,88935,Sl|243:278,3
186,197,89214,Sl|251:187,3
300,379,89493
340,374,89562
375,352,89632
396,318,89702
401,277,89772
387,239,89841
358,210,89911,Sl|297:216,1
256,111,90051,Sl|194:105,3
186,197,90330,Sl|124:202,3
46,156,90609
34,181,90678
30,209,90748
36,237,90818
51,262,90888
72,280,90957
98,291,91027
126,293,91097
154,286,91167,Sl|212:293,3
279,361,91446,Sl|337:354,3
421,384,91725
422,366,91794
423,349,91864
425,331,91934
426,314,92004
428,297,92073
429,279,92143
430,262,92213
432,245,92283
433,227,92352
435,210,92422
436,193,92492
438,175,92563
439,157,92632
441,140,92702
442,123,92772
445,85,92842
445,85,93958
445,85,95074
410,59,95143
369,49,95213
327,54,95283
290,75,95353,Sl|278:130,1
191,192,95492
203,200,95562
215,207,95632,Sl|226:262,3
301,336,95911
315,334,95980
329,332,96050
343,330,96120
357,328,96190
371,326,96260
385,324,96330,Sl|441:333,5
301,336,96749
299,321,96819
297,307,96889
295,293,96958
266,265,97028
270,236,97098
274,207,97168
278,179,97237
260,137,97307
298,154,97376
341,153,97446
379,135,97516
405,101,97586,Sl|414:44,1
447,193,97725
459,185,97795
472,179,97865,Sl|481:235,3
420,313,98143
405,318,98214
390,321,98284
374,322,98352
358,321,98423
343,317,98493
328,312,98562,Sl|301:303|273:301,5
182,298,98981
184,283,99051
186,269,99121
188,255,99190
217,227,99260
213,197,99330
209,169,99400
205,140,99469
190,98,99539
230,111,99608
272,108,99678
310,88,99748
338,56,99818,Sl|334:0,1
378,163,99957
386,151,100027
394,139,100097,Sl|451:143,3
345,240,100376
334,234,100445
323,229,100515
311,225,100585
298,222,100655
286,220,100724
273,221,100795,Sl|245:226|217:227,5
142,124,101213
140,139,101283
138,153,101353
136,167,101422
107,195,101492
111,224,101562
115,253,101632
119,281,101701
155,316,101772
195,329,101841
237,326,101911
275,306,101981
303,274,102051,Sl|299:218,1
205,140,102190
213,128,102260
221,116,102330,Sl|278:120,3
157,35,102609,Sl|100:39,3
27,113,102888
30,141,102957
34,169,103027
37,197,103097
41,226,103167,Sl|33:282,3
97,341,103446,Sl|124:333|152:332,3
217,260,103725,Sl|244:267|272:268,3
345,345,104004
371,310,104073
381,269,104143
376,227,104213
355,190,104283,Sl|300:178,1
238,91,104422
230,103,104492
223,115,104562,Sl|168:126,3
94,201,104841
96,215,104910
98,229,104980
100,243,105050
102,257,105120
104,271,105190
106,285,105260,Sl|97:341,5
186,233,105679
201,235,105749
215,237,105819
229,239,105888
257,268,105958
286,264,106028
315,260,106098
343,256,106167
385,274,106237
368,236,106306
369,193,106376
387,155,106446
421,129,106516,Sl|478:120,1
488,292,106656
450,309,106725
407,308,106795
369,290,106865
343,256,106935,Sl|334:199,1
256,58,107074
252,86,107144
248,114,107214
243,142,107284
239,170,107353
239,170,108190
239,170,108470
66,197,108609
256,190,108749,Sl|369:178,1
131,103,109028,Sl|17:91,1
186,294,109307
248,62,109446
323,221,109586,Sl|313:277,3
342,312,109865
379,331,109934
421,333,110004
461,317,110074
489,285,110144,Sl|479:228,3
469,184,110423,Sl|388:199|327:144,1
347,112,110702
293,364,110842
