68,200,347,Sl|124:244|188:224,1
248,108,1136
136,176,1333
202,54,1530,Sl|265:41|315:83,1
328,200,2320
288,308,2518
185,340,2715,Sl|136:262|141:160,1
172,60,3899,Sl|220:84|272:64,1
339,15,4988
392,80,5189,Sl|424:136|392:200,1
316,212,5978
236,184,6373,Sl|204:140|284:48,1
385,236,7557,Sl|341:288|273:276,1
208,228,8346
144,296,8544
45,298,8741
75,324,8938,Sl|143:372|195:348,1
256,232,9925,Sl|356:196|464:240,1
493,280,11110,Sl|444:199|456:123,1
512,58,11899
418,45,12096
364,124,12294,Sl|276:184|168:156,1
96,96,13478,Sl|136:64|156:8,1
264,40,14567
224,128,14768,Sl|312:140|392:84,1
428,256,15952,Sl|340:244|260:300,1
256,192,17136
420,304,19110
420,304,19504,Sl|384:252|388:152,1
396,124,20088
320,140,20283
320,140,21062
256,312,21452,Sl|176:336|136:332,2
320,256,22426
320,176,22620
320,256,22815
384,316,23010,Sl|464:340|504:336,2
196,128,24179,Sl|135:90|61:104,1
316,256,25348,Sl|377:294|451:279,1
256,124,26516
437,287,27685
257,258,28075
76,97,28465
200,312,28854,Sl|256:344|312:312,1
256,240,29633
256,60,30413
92,116,30802
200,328,31192,Sl|256:360|312:328,1
256,224,31971
328,104,32361,Sl|257:57|184:104,1
257,258,33335
272,264,33432
290,271,33529,Sl|376:304,1
499,254,34309
222,271,34698,Sl|136:304,1
13,254,35478
290,182,35867,Sl|326:151|326:123,1
256,288,37426
