80,320,299
256,256,513
256,256,620
256,256,727
432,320,942
432,320,1049
432,320,1156
256,144,1370
256,144,1799
96,336,2013,Sl|120:288|112:240,1
176,160,2441
176,160,2656
416,336,2870,Sl|392:288|400:240,1
336,160,3298
336,160,3513
208,48,3727,Sl|256:64|304:48,2
112,80,4370
48,160,4584,Sl|64:216|48:264,2
152,152,5227
256,112,5441,Sl|256:216,1
256,296,5870
456,160,6084
424,64,6299
328,88,6513
360,184,6727
256,296,6941
160,256,7156,Sl|70:211,2
200,160,7799,Sl|224:120|224:64,2
128,88,8441
344,136,8870,Sl|384:88|392:40,1
472,120,9299
432,208,9513
168,248,9727,Sl|128:296|120:344,1
40,264,10156
80,176,10370
256,56,10584
336,112,10799
304,208,11013
208,208,11227
176,112,11441
304,328,11870,Sl|256:312|208:328,2
384,264,12513
416,168,12727,Sl|424:112|416:64,1
96,168,13156,Sl|88:112|96:64,1
256,136,13584,Sl|256:240,1
200,320,14013
312,320,14227
417,69,14441,Sl|424:118|416:167,1
256,236,14870
93,69,15084,Sl|88:118|95:167,1
344,288,15727,Sl|440:336,1
438,138,16156,Sl|424:184|440:232,1
168,288,16584,Sl|72:336,1
73,138,17013,Sl|88:184|72:232,1
168,112,17441,Sl|200:72|208:24,1
304,24,17870,Sl|312:72|344:112,1
343,111,18191
343,111,18299
432,152,18513
432,152,18620
432,152,18727
432,248,18941
368,320,19156,Sl|336:288|304:328,1
144,320,19584,Sl|176:288|208:328,1
312,216,20013,Sl|304:168|310:117,1
201,117,20441,Sl|208:168|200:216,1
392,64,20870
464,136,21084
448,232,21299
376,304,21513,Sl|352:360,2
256,192,21941
256,192,22049
256,192,22156
136,304,22370
168,112,22584,Sl|200:72|208:24,1
304,24,23013,Sl|312:72|344:112,1
432,160,23441,Sl|400:200|352:216,1
80,160,23870,Sl|112:200|160:216,1
160,320,24299
256,344,24513
352,320,24727
408,240,24941,Sl|448:208,2
256,96,25370
256,96,25477
256,96,25584
104,240,25799
200,328,26013,Sl|96:328,1
312,328,26441,Sl|416:328,1
152,232,26870,Sl|48:232,1
360,232,27299,Sl|464:232,1
104,144,27727,Sl|0:144,1
408,144,28156,Sl|512:144,1
136,48,28584
376,48,28799
168,328,29013
168,328,29120
344,328,29334
344,328,29441
256,192,29549
255,55,31156
176,302,31370
385,149,31584
126,149,31799
336,302,32013
256,192,32441
